   0.0000000000000000        0.0000000000000000     
   60.000000000000000        2.4570900000000000E-002
   120.00000000000000        0.0000000000000000     
   180.00000000000000       -2.1486149999999999E-002
   240.00000000000000        2.4607360000000002E-002
   300.00000000000000       -1.0805040000000000E-002
   360.00000000000000        4.9038819999999997E-002
   420.00000000000000        3.8267559999999999E-002
   480.00000000000000        0.0000000000000000     
   540.00000000000000        1.4084770000000000E-002
   600.00000000000000       -1.0776310000000001E-002
   660.00000000000000        1.3861729999999999E-002
   720.00000000000000        6.3135209999999997E-002
   780.00000000000000        6.3773510000000005E-002
   840.00000000000000        4.9095310000000003E-002
   900.00000000000000       -1.0777510000000001E-002
   960.00000000000000        6.2356889999999998E-002
   1020.0000000000000        3.8133010000000002E-002
   1080.0000000000000        7.4426350000000002E-002
   1140.0000000000000        2.4607549999999999E-002
   1200.0000000000000        2.4809589999999999E-002
   1260.0000000000000        2.4736419999999999E-002
   1320.0000000000000        1.3841230000000000E-002
   1380.0000000000000        4.9122949999999999E-002
   1440.0000000000000        4.8716629999999997E-002
   1500.0000000000000        0.0000000000000000     
   1560.0000000000000        2.4986470000000000E-002
   1620.0000000000000        7.4167289999999997E-002
   1680.0000000000000        2.4691500000000002E-002
   1740.0000000000000        0.0000000000000000     
   1800.0000000000000        4.9005910000000000E-002
   1860.0000000000000        0.0000000000000000     
   1920.0000000000000       -1.0905990000000001E-002
   1980.0000000000000        1.3805150000000000E-002
   2040.0000000000000       -1.0848240000000000E-002
   2100.0000000000000        0.0000000000000000     
   2160.0000000000000        4.9066970000000001E-002
   2220.0000000000000        2.4615430000000001E-002
   2280.0000000000000        0.0000000000000000     
   2340.0000000000000        2.5103720000000000E-002
   2400.0000000000000        6.3456589999999993E-002
   2460.0000000000000       -1.0822109999999999E-002
   2520.0000000000000        2.4785399999999999E-002
   2580.0000000000000        2.4519369999999999E-002
   2640.0000000000000        0.0000000000000000     
   2700.0000000000000        2.4945459999999999E-002
   2760.0000000000000        2.4840160000000000E-002
   2820.0000000000000        7.4123839999999996E-002
   2880.0000000000000        0.0000000000000000     
   2940.0000000000000        1.3695170000000000E-002
   3000.0000000000000        4.9193559999999997E-002
   3060.0000000000000        4.9816039999999999E-002
   3120.0000000000000        4.8984790000000000E-002
   3180.0000000000000        1.3818560000000001E-002
   3240.0000000000000        0.0000000000000000     
   3300.0000000000000        4.8652490000000000E-002
   3360.0000000000000        2.4877529999999998E-002
   3420.0000000000000        2.4338710000000000E-002
   3480.0000000000000        9.8045499999999994E-002
   3540.0000000000000        1.3873360000000000E-002
   3600.0000000000000        1.3789340000000001E-002
   3660.0000000000000        1.3817860000000000E-002
   3720.0000000000000        4.9227899999999998E-002
   3780.0000000000000        2.4417820000000000E-002
   3840.0000000000000        1.3884050000000000E-002
   3900.0000000000000        2.9466230000000002E-003
   3960.0000000000000        7.3179469999999996E-002
   4020.0000000000000        1.3857190000000000E-002
   4080.0000000000000        3.8288410000000002E-002
   4140.0000000000000        1.3765710000000000E-002
   4200.0000000000000        0.0000000000000000     
   4260.0000000000000        2.4925760000000002E-002
   4320.0000000000000       -2.1629860000000001E-002
   4380.0000000000000        1.3953709999999999E-002
   4440.0000000000000       -1.0738540000000000E-002
   4500.0000000000000       -7.9151959999999993E-003
   4560.0000000000000        4.8866470000000002E-002
   4620.0000000000000        7.4334940000000002E-002
   4680.0000000000000        2.4659799999999999E-002
   4740.0000000000000        7.3695849999999993E-002
   4800.0000000000000        7.3361019999999999E-002
   4860.0000000000000        7.3112700000000003E-002
   4920.0000000000000        2.4360099999999999E-002
   4980.0000000000000        4.9437000000000002E-002
   5040.0000000000000        3.8192759999999999E-002
   5100.0000000000000       -1.0726390000000001E-002
   5160.0000000000000        0.0000000000000000     
   5220.0000000000000        1.3863940000000000E-002
   5280.0000000000000        0.0000000000000000     
   5340.0000000000000        7.3780239999999997E-002
   5400.0000000000000        2.4839580000000000E-002
   5460.0000000000000        0.0000000000000000     
   5520.0000000000000        1.3867000000000001E-002
   5580.0000000000000        3.8029399999999998E-002
   5640.0000000000000        0.0000000000000000     
   5700.0000000000000        2.7723459999999998E-002
   5760.0000000000000        0.0000000000000000     
   5820.0000000000000        3.8370090000000003E-002
   5880.0000000000000        0.0000000000000000     
   5940.0000000000000        2.4648779999999999E-002
   6000.0000000000000        2.9498789999999999E-003
   6060.0000000000000        4.9414580000000000E-002
   6120.0000000000000        0.0000000000000000     
   6180.0000000000000        4.9417639999999999E-002
   6240.0000000000000        5.2118159999999997E-002
   6300.0000000000000        0.0000000000000000     
   6360.0000000000000        6.2885990000000003E-002
   6420.0000000000000        2.4423259999999999E-002
   6480.0000000000000        9.7833400000000001E-002
   6540.0000000000000        0.0000000000000000     
   6600.0000000000000        5.0291679999999998E-002
   6660.0000000000000        0.0000000000000000     
   6720.0000000000000        4.9633160000000003E-002
   6780.0000000000000        0.0000000000000000     
   6840.0000000000000        0.0000000000000000     
   6900.0000000000000        4.9666900000000000E-002
   6960.0000000000000        2.4653570000000000E-002
   7020.0000000000000        4.9182410000000003E-002
   7080.0000000000000        4.9903419999999997E-002
   7140.0000000000000        2.9663950000000001E-003
   7200.0000000000000        0.0000000000000000     
   7260.0000000000000        7.4817339999999996E-002
   7320.0000000000000        2.7351020000000000E-002
   7380.0000000000000        7.3386679999999996E-002
   7440.0000000000000        1.3737780000000000E-002
   7500.0000000000000        2.4558580000000000E-002
   7560.0000000000000        0.0000000000000000     
   7620.0000000000000        2.4506050000000001E-002
   7680.0000000000000        7.4258550000000006E-002
   7740.0000000000000        1.3711610000000001E-002
   7800.0000000000000        5.0305950000000002E-002
   7860.0000000000000        5.0074029999999999E-002
   7920.0000000000000        1.3740140000000000E-002
   7980.0000000000000        4.9767190000000003E-002
   8040.0000000000000        4.8999609999999999E-002
   8100.0000000000000        2.4725310000000000E-002
   8160.0000000000000        7.4304250000000002E-002
   8220.0000000000000        0.0000000000000000     
   8280.0000000000000       -1.1074890000000000E-002
   8340.0000000000000        7.3830419999999994E-002
   8400.0000000000000        0.0000000000000000     
   8460.0000000000000        3.8201140000000001E-002
   8520.0000000000000        3.8350820000000001E-002
   8580.0000000000000        0.0000000000000000     
   8640.0000000000000        2.9369259999999999E-003
   8700.0000000000000        2.9585100000000001E-003
   8760.0000000000000        9.7797270000000006E-002
   8820.0000000000000        0.0000000000000000     
   8880.0000000000000        0.0000000000000000     
   8940.0000000000000        4.9384570000000003E-002
   9000.0000000000000        7.3661679999999993E-002
   9060.0000000000000        4.9644679999999997E-002
   9120.0000000000000        0.0000000000000000     
   9180.0000000000000        0.0000000000000000     
   9240.0000000000000        0.0000000000000000     
   9300.0000000000000        4.9314089999999998E-002
   9360.0000000000000        1.3766850000000001E-002
   9420.0000000000000        7.4390419999999999E-002
   9480.0000000000000        2.4414749999999999E-002
   9540.0000000000000       -1.0874570000000000E-002
   9600.0000000000000       -1.0766760000000000E-002
   9660.0000000000000        2.4586170000000001E-002
   9720.0000000000000       -1.0852590000000001E-002
   9780.0000000000000        1.3673460000000000E-002
   9840.0000000000000        3.8117850000000002E-002
   9900.0000000000000       -3.2385760000000000E-002
   9960.0000000000000        0.0000000000000000     
   10020.000000000000        2.4637349999999999E-002
   10080.000000000000        4.8871480000000002E-002
   10140.000000000000        2.4672949999999999E-002
   10200.000000000000        4.9600840000000000E-002
   10260.000000000000        2.4597500000000001E-002
   10320.000000000000        8.6948280000000003E-002
   10380.000000000000        2.4374469999999999E-002
   10440.000000000000        3.9511709999999998E-002
   10500.000000000000        2.7336309999999999E-002
   10560.000000000000        7.3732660000000005E-002
   10620.000000000000       -1.0999040000000000E-002
   10680.000000000000        4.8743160000000001E-002
   10740.000000000000        2.4785430000000001E-002
   10800.000000000000        0.0000000000000000     
   10860.000000000000        0.0000000000000000     
   10920.000000000000        2.4386439999999999E-002
   10980.000000000000        7.3017420000000000E-002
   11040.000000000000        4.9208790000000002E-002
   11100.000000000000        1.3788590000000000E-002
   11160.000000000000        1.3811020000000000E-002
   11220.000000000000        0.0000000000000000     
   11280.000000000000        0.0000000000000000     
   11340.000000000000        9.8475309999999996E-002
   11400.000000000000       -1.0831650000000000E-002
   11460.000000000000        2.7787059999999999E-002
   11520.000000000000       -1.0899829999999999E-002
   11580.000000000000        3.8607019999999999E-002
   11640.000000000000        2.4610930000000000E-002
   11700.000000000000        2.7450180000000001E-002
   11760.000000000000        7.2964050000000003E-002
   11820.000000000000        3.8526739999999997E-002
   11880.000000000000        0.0000000000000000     
   11940.000000000000        2.4461620000000000E-002
   12000.000000000000        2.7395160000000002E-002
   12060.000000000000        2.9081430000000002E-003
   12120.000000000000       -1.0832339999999999E-002
   12180.000000000000       -1.0731700000000000E-002
   12240.000000000000        0.0000000000000000     
   12300.000000000000       -1.0756810000000000E-002
   12360.000000000000        2.4528970000000001E-002
   12420.000000000000        3.8624169999999999E-002
   12480.000000000000        2.5084110000000000E-002
   12540.000000000000        0.0000000000000000     
   12600.000000000000        0.0000000000000000     
   12660.000000000000        3.8465399999999997E-002
   12720.000000000000        7.3925030000000003E-002
   12780.000000000000        3.9434429999999999E-002
   12840.000000000000        0.0000000000000000     
   12900.000000000000        7.4357790000000007E-002
   12960.000000000000        7.3686779999999993E-002
   13020.000000000000        4.8827400000000000E-002
   13080.000000000000        1.3902050000000001E-002
   13140.000000000000        3.8404160000000000E-002
   13200.000000000000       0.14822220000000000     
   13260.000000000000        5.0101910000000000E-002
   13320.000000000000       -1.0743630000000001E-002
   13380.000000000000        2.5017459999999998E-002
   13440.000000000000        0.0000000000000000     
   13500.000000000000        7.3886069999999998E-002
   13560.000000000000       -1.0814190000000000E-002
   13620.000000000000        4.9021019999999998E-002
   13680.000000000000        2.4578889999999999E-002
   13740.000000000000        1.3770650000000001E-002
   13800.000000000000        4.9757570000000001E-002
   13860.000000000000        1.3858830000000001E-002
   13920.000000000000        4.8769849999999997E-002
   13980.000000000000        3.8691070000000001E-002
   14040.000000000000        3.8457989999999997E-002
   14100.000000000000        1.3733670000000000E-002
   14160.000000000000        0.0000000000000000     
   14220.000000000000        0.0000000000000000     
   14280.000000000000        2.5041480000000001E-002
   14340.000000000000       -1.0791480000000001E-002
   14400.000000000000        0.0000000000000000     
   14460.000000000000       -2.1670550000000000E-002
   14520.000000000000        2.4761450000000001E-002
   14580.000000000000        1.3944959999999999E-002
   14640.000000000000        1.3771870000000000E-002
   14700.000000000000       -1.0927750000000000E-002
   14760.000000000000        0.0000000000000000     
   14820.000000000000        2.4670850000000001E-002
   14880.000000000000        4.8999510000000003E-002
   14940.000000000000       -8.0161179999999992E-003
   15000.000000000000        4.9569090000000003E-002
   15060.000000000000        0.0000000000000000     
   15120.000000000000        4.9213439999999997E-002
   15180.000000000000        4.8865720000000001E-002
   15240.000000000000        1.3703060000000000E-002
   15300.000000000000        0.0000000000000000     
   15360.000000000000        0.0000000000000000     
   15420.000000000000        0.0000000000000000     
   15480.000000000000        1.4005180000000001E-002
   15540.000000000000        0.0000000000000000     
   15600.000000000000        3.8703139999999997E-002
   15660.000000000000        2.4580319999999999E-002
   15720.000000000000        1.3737320000000001E-002
   15780.000000000000        2.4474320000000001E-002
   15840.000000000000        3.8342179999999997E-002
   15900.000000000000        2.4701399999999998E-002
   15960.000000000000        2.4341700000000001E-002
   16020.000000000000        0.0000000000000000     
   16080.000000000000        7.3655100000000001E-002
   16140.000000000000       0.13624820000000001     
   16200.000000000000       -1.0729270000000001E-002
   16260.000000000000        2.4514450000000000E-002
   16320.000000000000        1.3641360000000000E-002
   16380.000000000000        0.0000000000000000     
   16440.000000000000        7.5089039999999996E-002
   16500.000000000000        2.5103440000000001E-002
   16560.000000000000        1.3858779999999999E-002
   16620.000000000000       -3.2785130000000003E-002
   16680.000000000000        6.3766039999999996E-002
   16740.000000000000        0.0000000000000000     
   16800.000000000000        1.3910390000000000E-002
   16860.000000000000        8.7143209999999999E-002
   16920.000000000000        0.0000000000000000     
   16980.000000000000       -1.0825680000000001E-002
   17040.000000000000        3.8466149999999998E-002
   17100.000000000000        7.4185829999999994E-002
   17160.000000000000        2.7318249999999999E-002
   17220.000000000000        0.0000000000000000     
   17280.000000000000        8.7408940000000004E-002
   17340.000000000000        1.3793000000000000E-002
   17400.000000000000        0.0000000000000000     
   17460.000000000000        4.8759749999999998E-002
   17520.000000000000        5.2224420000000001E-002
   17580.000000000000        6.3763669999999995E-002
   17640.000000000000        9.9386030000000000E-002
   17700.000000000000        5.2601650000000000E-002
   17760.000000000000       -1.0890459999999999E-002
   17820.000000000000        2.4538649999999999E-002
   17880.000000000000        2.4644780000000002E-002
   17940.000000000000        3.0428579999999998E-003
   18000.000000000000        2.4641059999999999E-002
   18060.000000000000        2.4572799999999999E-002
   18120.000000000000        5.0190810000000002E-002
   18180.000000000000        2.4797530000000002E-002
   18240.000000000000       -2.1848570000000001E-002
   18300.000000000000        6.3148960000000004E-002
   18360.000000000000        7.3662459999999999E-002
   18420.000000000000        3.8891610000000000E-002
   18480.000000000000        2.9198810000000000E-003
   18540.000000000000        1.3629880000000000E-002
   18600.000000000000        1.3752390000000000E-002
   18660.000000000000       -1.0929200000000000E-002
   18720.000000000000       -2.1884740000000000E-002
   18780.000000000000       -1.0902580000000000E-002
   18840.000000000000        4.9190100000000000E-002
   18900.000000000000        2.4859900000000001E-002
   18960.000000000000        8.8108610000000004E-002
   19020.000000000000        1.4201050000000000E-002
   19080.000000000000        1.3926559999999999E-002
   19140.000000000000        7.3908089999999996E-002
   19200.000000000000       -1.0856879999999999E-002
   19260.000000000000        6.2953549999999997E-002
   19320.000000000000        3.8754640000000000E-002
   19380.000000000000        6.2588740000000004E-002
   19440.000000000000        2.9278809999999998E-003
   19500.000000000000        2.4736600000000001E-002
   19560.000000000000        2.4641099999999999E-002
   19620.000000000000        4.9443019999999997E-002
   19680.000000000000        0.0000000000000000     
   19740.000000000000        4.8959469999999998E-002
   19800.000000000000        2.4573330000000001E-002
   19860.000000000000        1.3701780000000000E-002
   19920.000000000000        4.9526399999999998E-002
   19980.000000000000        0.0000000000000000     
   20040.000000000000        3.8850719999999998E-002
   20100.000000000000        2.4495989999999999E-002
   20160.000000000000       -1.0928100000000000E-002
   20220.000000000000        0.0000000000000000     
   20280.000000000000        1.3610380000000000E-002
   20340.000000000000        1.3850430000000000E-002
   20400.000000000000        3.9226999999999998E-002
   20460.000000000000        4.8892190000000002E-002
   20520.000000000000        2.4713420000000000E-002
   20580.000000000000        7.3776229999999998E-002
   20640.000000000000        2.4997169999999999E-002
   20700.000000000000        3.8266590000000003E-002
   20760.000000000000       -1.0888190000000001E-002
   20820.000000000000        0.0000000000000000     
   20880.000000000000       -1.0797390000000000E-002
   20940.000000000000        2.4538190000000001E-002
   21000.000000000000        2.7397669999999999E-002
   21060.000000000000        4.9035120000000001E-002
   21120.000000000000        2.4961660000000000E-002
   21180.000000000000        2.4691600000000001E-002
   21240.000000000000        7.3402869999999995E-002
   21300.000000000000        1.3959549999999999E-002
   21360.000000000000        4.9095470000000002E-002
   21420.000000000000        7.3733679999999996E-002
   21480.000000000000       -1.0991720000000000E-002
   21540.000000000000        0.0000000000000000     
   21600.000000000000        0.0000000000000000     
   21660.000000000000        0.0000000000000000     
   21720.000000000000        3.8549040000000000E-002
   21780.000000000000        3.8306369999999999E-002
   21840.000000000000       -1.0939580000000001E-002
   21900.000000000000        7.4651380000000003E-002
   21960.000000000000       -1.0745660000000001E-002
   22020.000000000000        4.9002240000000002E-002
   22080.000000000000        2.4709550000000000E-002
   22140.000000000000       -1.0864789999999999E-002
   22200.000000000000        4.6778920000000002E-002
   22260.000000000000        6.2465140000000002E-002
   22320.000000000000        0.0000000000000000     
   22380.000000000000        3.8771090000000001E-002
   22440.000000000000        0.0000000000000000     
   22500.000000000000        7.4127659999999998E-002
   22560.000000000000        2.4461630000000002E-002
   22620.000000000000        2.4523810000000000E-002
   22680.000000000000        0.0000000000000000     
   22740.000000000000        6.3062229999999997E-002
   22800.000000000000        4.9647789999999997E-002
   22860.000000000000        0.0000000000000000     
   22920.000000000000       -2.1510629999999999E-002
   22980.000000000000        9.7574069999999999E-002
   23040.000000000000        2.4849799999999998E-002
   23100.000000000000        4.9536499999999997E-002
   23160.000000000000        4.9117130000000002E-002
   23220.000000000000        1.3737450000000000E-002
   23280.000000000000       -1.0756730000000001E-002
   23340.000000000000        2.4411740000000001E-002
   23400.000000000000        7.3589680000000005E-002
   23460.000000000000        1.3634070000000000E-002
   23520.000000000000       -1.0979480000000000E-002
   23580.000000000000        3.8386829999999997E-002
   23640.000000000000        3.8697719999999998E-002
   23700.000000000000        1.6657200000000000E-002
   23760.000000000000       -1.0737450000000001E-002
   23820.000000000000        2.4720329999999999E-002
   23880.000000000000        2.4341570000000000E-002
   23940.000000000000        7.3684890000000003E-002
   24000.000000000000        1.3813509999999999E-002
   24060.000000000000        2.4491410000000002E-002
   24120.000000000000        2.4741500000000000E-002
   24180.000000000000       -1.0759850000000000E-002
   24240.000000000000       -2.1452180000000001E-002
   24300.000000000000        1.3702750000000000E-002
   24360.000000000000       -1.0745550000000000E-002
   24420.000000000000        3.8484940000000002E-002
   24480.000000000000       0.12293880000000000     
   24540.000000000000        0.0000000000000000     
   24600.000000000000       -1.1043620000000001E-002
   24660.000000000000        0.0000000000000000     
   24720.000000000000        2.4465210000000001E-002
   24780.000000000000        0.0000000000000000     
   24840.000000000000        2.4692650000000000E-002
   24900.000000000000        3.8461820000000001E-002
   24960.000000000000       -1.0837990000000000E-002
   25020.000000000000       -1.0760870000000001E-002
   25080.000000000000        2.4565540000000000E-002
   25140.000000000000        0.0000000000000000     
   25200.000000000000        3.8227860000000002E-002
   25260.000000000000        5.6123470000000002E-002
   25320.000000000000        5.5766999999999997E-002
   25380.000000000000        3.4171830000000000E-002
   25440.000000000000        5.2119010000000000E-002
   25500.000000000000       -2.1762509999999999E-002
   25560.000000000000        3.9004070000000002E-002
   25620.000000000000       -1.1027800000000001E-002
   25680.000000000000        3.8289919999999998E-002
   25740.000000000000        1.3761380000000000E-002
   25800.000000000000        2.7833230000000000E-002
   25860.000000000000        4.8924130000000003E-002
   25920.000000000000        2.9201470000000001E-003
   25980.000000000000        2.4899859999999999E-002
   26040.000000000000       -1.0820570000000000E-002
   26100.000000000000        2.4682280000000001E-002
   26160.000000000000        0.0000000000000000     
   26220.000000000000        5.8395369999999997E-003
   26280.000000000000       -1.0835600000000001E-002
   26340.000000000000        8.7366520000000003E-002
   26400.000000000000        9.8974540000000000E-002
   26460.000000000000       -7.9354279999999996E-003
   26520.000000000000        4.1744299999999998E-002
   26580.000000000000        4.1279219999999998E-002
   26640.000000000000       0.10135959999999999     
   26700.000000000000        1.3804100000000000E-002
   26760.000000000000        7.3964320000000000E-002
   26820.000000000000       0.11263470000000000     
   26880.000000000000       -1.2709880000000000E-002
   26940.000000000000        4.0986530000000000E-002
   27000.000000000000        3.3509829999999997E-002
   27060.000000000000       -7.5203110000000004E-002
   27120.000000000000        2.7487140000000000E-002
   27180.000000000000        2.9328330000000001E-003
   27240.000000000000        5.0138439999999999E-002
   27300.000000000000        3.8119220000000002E-002
   27360.000000000000        3.8344890000000000E-002
   27420.000000000000        1.3805280000000000E-002
   27480.000000000000       -2.1736459999999999E-002
   27540.000000000000        1.6583629999999999E-002
   27600.000000000000        6.8505849999999993E-002
   27660.000000000000        8.8011000000000006E-002
   27720.000000000000        6.5808489999999997E-002
   27780.000000000000       -4.9318290000000004E-003
   27840.000000000000       -2.9431750000000000E-002
   27900.000000000000        4.4606069999999998E-002
   27960.000000000000       0.14975859999999999     
   28020.000000000000        2.2631120000000001E-002
   28080.000000000000       -1.5830930000000000E-002
   28140.000000000000        6.0308499999999999E-003
   28200.000000000000       -2.9294760000000000E-002
   28260.000000000000       -1.8846970000000001E-002
   28320.000000000000        2.4734380000000000E-002
   28380.000000000000        6.5583370000000002E-002
   28440.000000000000        3.0485920000000000E-002
   28500.000000000000        2.9610290000000000E-003
   28560.000000000000        2.4749549999999999E-002
   28620.000000000000       -2.1562700000000001E-002
   28680.000000000000        6.8475059999999997E-003
   28740.000000000000        6.8526100000000003E-003
   28800.000000000000        1.4598810000000000E-002
   28860.000000000000        8.5666880000000001E-002
   28920.000000000000       0.12733839999999999     
   28980.000000000000        3.3350680000000001E-002
   29040.000000000000       -8.8661950000000003E-002
   29100.000000000000       -9.2235739999999997E-002
   29160.000000000000        3.2589050000000001E-002
   29220.000000000000       -1.4700410000000001E-002
   29280.000000000000       -4.2410589999999998E-002
   29340.000000000000        4.2552199999999998E-002
   29400.000000000000       -3.6921610000000001E-002
   29460.000000000000        5.7316590000000001E-002
   29520.000000000000       0.11608490000000000     
   29580.000000000000       0.12058110000000000     
   29640.000000000000        3.1516969999999998E-002
   29700.000000000000        6.3310409999999998E-002
   29760.000000000000        8.3236889999999994E-002
   29820.000000000000       -7.8079519999999999E-003
   29880.000000000000        2.4370039999999999E-002
   29940.000000000000       -1.0795910000000001E-002
   30000.000000000000        6.3684000000000004E-002
   30060.000000000000        1.3758960000000001E-002
   30120.000000000000        0.0000000000000000     
   30180.000000000000        0.0000000000000000     
   30240.000000000000        2.4513770000000001E-002
   30300.000000000000        2.4813260000000000E-002
   30360.000000000000        2.7726649999999999E-002
   30420.000000000000        6.2579629999999997E-002
   30480.000000000000        2.4610310000000000E-002
   30540.000000000000        1.3667860000000000E-002
   30600.000000000000        8.7586129999999998E-002
   30660.000000000000        3.8136000000000003E-002
   30720.000000000000       -1.0759309999999999E-002
   30780.000000000000        4.9342680000000000E-002
   30840.000000000000        4.9224240000000002E-002
   30900.000000000000        0.0000000000000000     
   30960.000000000000        3.8177049999999997E-002
   31020.000000000000       -1.0774340000000000E-002
   31080.000000000000        0.0000000000000000     
   31140.000000000000       -1.0751250000000000E-002
   31200.000000000000        2.4925830000000000E-002
   31260.000000000000        5.0000200000000002E-002
   31320.000000000000        7.3960260000000000E-002
   31380.000000000000        2.4752610000000001E-002
   31440.000000000000        0.0000000000000000     
   31500.000000000000        1.4007350000000000E-002
   31560.000000000000        2.9848660000000001E-003
   31620.000000000000        4.9472719999999998E-002
   31680.000000000000       -1.0846460000000000E-002
   31740.000000000000        4.9195929999999999E-002
   31800.000000000000        4.9680019999999998E-002
   31860.000000000000        1.3681900000000000E-002
   31920.000000000000        2.4626030000000000E-002
   31980.000000000000        1.3940750000000000E-002
   32040.000000000000        2.4452260000000000E-002
   32100.000000000000        0.0000000000000000     
   32160.000000000000        1.4073560000000001E-002
   32220.000000000000        0.0000000000000000     
   32280.000000000000        2.9435389999999998E-003
   32340.000000000000        2.4940819999999999E-002
   32400.000000000000        2.4823200000000000E-002
   32460.000000000000        1.3901989999999999E-002
   32520.000000000000        0.0000000000000000     
   32580.000000000000        3.8301559999999998E-002
   32640.000000000000        3.8770310000000002E-002
   32700.000000000000        0.0000000000000000     
   32760.000000000000        1.3827390000000000E-002
   32820.000000000000        3.8145800000000001E-002
   32880.000000000000        3.0559119999999999E-002
   32940.000000000000        3.8923960000000001E-002
   33000.000000000000        9.8336900000000005E-002
   33060.000000000000       -2.1836580000000001E-002
   33120.000000000000        7.3335760000000000E-002
   33180.000000000000        3.8017710000000003E-002
   33240.000000000000        6.4095589999999994E-002
   33300.000000000000        1.4042650000000000E-002
   33360.000000000000        0.0000000000000000     
   33420.000000000000        0.0000000000000000     
   33480.000000000000        7.3966879999999999E-002
   33540.000000000000        2.4601040000000001E-002
   33600.000000000000        5.0134800000000000E-002
   33660.000000000000        1.6861470000000000E-002
   33720.000000000000        5.2041860000000002E-002
   33780.000000000000        0.0000000000000000     
   33840.000000000000        3.8783970000000001E-002
   33900.000000000000        2.4763600000000000E-002
   33960.000000000000        0.0000000000000000     
   34020.000000000000        1.3921760000000000E-002
   34080.000000000000        2.4542470000000000E-002
   34140.000000000000        1.3790900000000000E-002
   34200.000000000000        3.8350049999999997E-002
   34260.000000000000       -1.0864670000000000E-002
   34320.000000000000        4.9501589999999998E-002
   34380.000000000000        1.3871170000000000E-002
   34440.000000000000       -1.0876930000000000E-002
   34500.000000000000        5.8742409999999997E-003
   34560.000000000000        2.4941109999999999E-002
   34620.000000000000        3.0046900000000000E-003
   34680.000000000000        7.4165900000000007E-002
   34740.000000000000        3.8885589999999998E-002
   34800.000000000000        4.9237209999999997E-002
   34860.000000000000        7.3790759999999997E-002
   34920.000000000000        2.9455499999999999E-003
   34980.000000000000        8.7516759999999999E-002
   35040.000000000000        7.3328470000000007E-002
   35100.000000000000        2.4627260000000002E-002
   35160.000000000000       -1.0783200000000000E-002
   35220.000000000000        1.3770920000000001E-002
   35280.000000000000       -2.2169850000000001E-002
   35340.000000000000        5.2926859999999999E-002
   35400.000000000000        4.8786650000000001E-002
   35460.000000000000        2.7432510000000000E-002
   35520.000000000000        2.9641580000000002E-003
   35580.000000000000       -7.8576600000000007E-003
   35640.000000000000        3.8602919999999999E-002
   35700.000000000000        7.3581190000000005E-002
   35760.000000000000        1.3748399999999999E-002
   35820.000000000000        4.9140860000000001E-002
   35880.000000000000        6.3231540000000003E-002
   35940.000000000000        9.8336850000000003E-002
   36000.000000000000        5.3500520000000003E-002
   36060.000000000000        8.7001659999999995E-002
   36120.000000000000        3.8578130000000002E-002
   36180.000000000000        4.9769529999999999E-002
   36240.000000000000        2.5035580000000002E-002
   36300.000000000000        2.4814320000000001E-002
   36360.000000000000        5.2384350000000003E-002
   36420.000000000000        3.9101179999999999E-002
   36480.000000000000        4.9249670000000002E-002
   36540.000000000000        3.8901100000000001E-002
   36600.000000000000        3.8059120000000002E-002
   36660.000000000000        6.3221349999999996E-002
   36720.000000000000        4.9522230000000000E-002
   36780.000000000000        0.0000000000000000     
   36840.000000000000        3.8621530000000001E-002
   36900.000000000000        1.3951510000000000E-002
   36960.000000000000        0.0000000000000000     
   37020.000000000000        0.0000000000000000     
   37080.000000000000       -2.1580950000000002E-002
   37140.000000000000        0.0000000000000000     
   37200.000000000000       0.11315790000000001     
   37260.000000000000        4.9423139999999997E-002
   37320.000000000000        2.7927649999999998E-002
   37380.000000000000        4.9180099999999997E-002
   37440.000000000000        2.4841760000000001E-002
   37500.000000000000        2.9686959999999998E-003
   37560.000000000000        5.2604110000000003E-002
   37620.000000000000        4.9922740000000000E-002
   37680.000000000000        4.9305580000000002E-002
   37740.000000000000        2.4712359999999999E-002
   37800.000000000000        1.4045950000000000E-002
   37860.000000000000        2.4714949999999999E-002
   37920.000000000000        9.7807699999999997E-002
   37980.000000000000        6.3496629999999998E-002
   38040.000000000000        2.4497080000000001E-002
   38100.000000000000        2.9189699999999999E-003
   38160.000000000000       -1.8524970000000002E-002
   38220.000000000000       -1.0878380000000000E-002
   38280.000000000000        7.3552290000000006E-002
   38340.000000000000        1.3670480000000000E-002
   38400.000000000000       -1.0807270000000001E-002
   38460.000000000000        1.3841150000000000E-002
   38520.000000000000        7.4577749999999998E-002
   38580.000000000000        0.0000000000000000     
   38640.000000000000        2.4793409999999998E-002
   38700.000000000000        4.9538359999999997E-002
   38760.000000000000        8.8042650000000000E-002
   38820.000000000000        1.9622330000000000E-002
   38880.000000000000        2.9370339999999998E-003
   38940.000000000000        1.3870660000000000E-002
   39000.000000000000        1.4168880000000000E-002
   39060.000000000000        2.4633380000000000E-002
   39120.000000000000        7.4213970000000004E-002
   39180.000000000000        2.4524080000000000E-002
   39240.000000000000        4.9822600000000002E-002
   39300.000000000000        5.0061399999999999E-002
   39360.000000000000       -3.2545369999999997E-002
   39420.000000000000        4.9460789999999998E-002
   39480.000000000000        9.8285979999999995E-002
   39540.000000000000        8.7325449999999999E-002
   39600.000000000000        2.7508479999999998E-002
   39660.000000000000        2.4723140000000001E-002
   39720.000000000000        7.5129379999999996E-002
   39780.000000000000        7.4107119999999999E-002
   39840.000000000000        2.4767859999999999E-002
   39900.000000000000       -1.0721079999999999E-002
   39960.000000000000        4.9249910000000001E-002
   40020.000000000000        4.9757230000000000E-002
   40080.000000000000        9.7656900000000005E-002
   40140.000000000000        2.7731340000000000E-002
   40200.000000000000        0.0000000000000000     
   40260.000000000000       0.11526030000000000     
   40320.000000000000        9.9050790000000000E-002
   40380.000000000000        2.4563959999999999E-002
   40440.000000000000       0.12274010000000000     
   40500.000000000000        4.9051740000000003E-002
   40560.000000000000        1.3889260000000000E-002
   40620.000000000000        2.4701799999999999E-002
   40680.000000000000        0.0000000000000000     
   40740.000000000000        1.4140320000000000E-002
   40800.000000000000        9.9624249999999998E-002
   40860.000000000000        0.0000000000000000     
   40920.000000000000       -1.0822210000000001E-002
   40980.000000000000        2.7674910000000000E-002
   41040.000000000000        3.9290789999999999E-002
   41100.000000000000        4.9675310000000000E-002
   41160.000000000000        2.4920160000000000E-002
   41220.000000000000       -1.0821690000000000E-002
   41280.000000000000        2.7524000000000000E-002
   41340.000000000000        1.3893880000000001E-002
   41400.000000000000        4.9395910000000001E-002
   41460.000000000000       -1.0963179999999999E-002
   41520.000000000000        2.4461920000000002E-002
   41580.000000000000        0.0000000000000000     
   41640.000000000000        6.3765989999999995E-002
   41700.000000000000        3.8583399999999997E-002
   41760.000000000000        3.8424159999999999E-002
   41820.000000000000       -1.0867480000000001E-002
   41880.000000000000        1.3592590000000000E-002
   41940.000000000000        2.4502639999999999E-002
   42000.000000000000       -3.2825779999999999E-002
   42060.000000000000        2.4733290000000002E-002
   42120.000000000000        1.3667020000000000E-002
   42180.000000000000        2.4528640000000001E-002
   42240.000000000000        2.4570200000000000E-002
   42300.000000000000        4.9017440000000002E-002
   42360.000000000000        6.2588669999999999E-002
   42420.000000000000        1.3794120000000000E-002
   42480.000000000000        4.9223070000000001E-002
   42540.000000000000        2.4362390000000001E-002
   42600.000000000000        4.9115840000000001E-002
   42660.000000000000        3.8787160000000001E-002
   42720.000000000000        7.3688560000000000E-002
   42780.000000000000       -1.0934610000000001E-002
   42840.000000000000        2.4648010000000001E-002
   42900.000000000000       -1.0725800000000001E-002
   42960.000000000000        8.9147110000000002E-002
   43020.000000000000        2.9497270000000001E-003
   43080.000000000000        4.8987860000000001E-002
   43140.000000000000        2.7419349999999999E-002
   43200.000000000000        5.2283589999999998E-002
   43260.000000000000       0.12356490000000001     
   43320.000000000000        1.3838120000000001E-002
   43380.000000000000       0.12292490000000000     
   43440.000000000000        4.9072720000000000E-002
   43500.000000000000        7.7443490000000004E-002
   43560.000000000000        7.3249330000000001E-002
   43620.000000000000       -1.0797150000000000E-002
   43680.000000000000        4.2041849999999999E-002
   43740.000000000000        0.0000000000000000     
   43800.000000000000       0.14687970000000000     
   43860.000000000000        8.7586720000000007E-002
   43920.000000000000        2.7729380000000001E-002
   43980.000000000000        1.3773270000000001E-002
   44040.000000000000        1.3853920000000000E-002
   44100.000000000000        0.0000000000000000     
   44160.000000000000        2.4622939999999999E-002
   44220.000000000000        2.9508230000000000E-003
   44280.000000000000        1.3781989999999999E-002
   44340.000000000000       -1.0775730000000001E-002
   44400.000000000000        0.0000000000000000     
   44460.000000000000        4.9052880000000000E-002
   44520.000000000000        5.3373780000000003E-002
   44580.000000000000        1.3913500000000001E-002
   44640.000000000000        1.3785410000000000E-002
   44700.000000000000        1.3717010000000000E-002
   44760.000000000000        4.9678699999999999E-002
   44820.000000000000       -1.0850960000000000E-002
   44880.000000000000        0.0000000000000000     
   44940.000000000000        3.8257790000000000E-002
   45000.000000000000       -1.0912280000000000E-002
   45060.000000000000        7.4552599999999997E-002
   45120.000000000000        7.4665490000000001E-002
   45180.000000000000        1.3726310000000000E-002
   45240.000000000000        3.8154349999999997E-002
   45300.000000000000        9.9037040000000007E-002
   45360.000000000000        4.8876799999999998E-002
   45420.000000000000        7.3432360000000002E-002
   45480.000000000000        7.3857259999999994E-002
   45540.000000000000       -7.8403840000000006E-003
   45600.000000000000        4.9637260000000002E-002
   45660.000000000000       -1.0900280000000000E-002
   45720.000000000000        2.4574570000000000E-002
   45780.000000000000        2.4782470000000001E-002
   45840.000000000000       -1.0810570000000000E-002
   45900.000000000000        3.8574810000000001E-002
   45960.000000000000        5.2012589999999997E-002
   46020.000000000000        9.8382520000000001E-002
   46080.000000000000        3.8222949999999999E-002
   46140.000000000000        2.4848749999999999E-002
   46200.000000000000        3.8095680000000000E-002
   46260.000000000000        1.3926920000000001E-002
   46320.000000000000       -1.0737240000000000E-002
   46380.000000000000        6.2390410000000000E-002
   46440.000000000000        4.9204789999999998E-002
   46500.000000000000        1.3922860000000000E-002
   46560.000000000000        2.9330630000000001E-003
   46620.000000000000        4.9705840000000001E-002
   46680.000000000000        7.3516910000000005E-002
   46740.000000000000        2.4670520000000001E-002
   46800.000000000000        4.9085770000000001E-002
   46860.000000000000       -1.0874669999999999E-002
   46920.000000000000        7.3530170000000006E-002
   46980.000000000000        2.9213270000000000E-003
   47040.000000000000        4.8890150000000000E-002
   47100.000000000000        9.8570669999999999E-002
   47160.000000000000        2.4557800000000001E-002
   47220.000000000000        2.4532550000000000E-002
   47280.000000000000        0.0000000000000000     
   47340.000000000000        2.4668590000000001E-002
   47400.000000000000        1.3814369999999999E-002
   47460.000000000000        4.9348200000000002E-002
   47520.000000000000        0.0000000000000000     
   47580.000000000000        2.9692709999999999E-003
   47640.000000000000       -1.0889800000000000E-002
   47700.000000000000        3.8600629999999997E-002
   47760.000000000000        3.8249970000000001E-002
   47820.000000000000        2.4590890000000001E-002
   47880.000000000000       0.14690270000000000     
   47940.000000000000        0.0000000000000000     
   48000.000000000000        1.3806529999999999E-002
   48060.000000000000        5.0683609999999997E-002
   48120.000000000000        6.2950539999999999E-002
   48180.000000000000       -1.0789429999999999E-002
   48240.000000000000        4.9666799999999997E-002
   48300.000000000000        2.4552080000000000E-002
   48360.000000000000        3.7979750000000000E-002
   48420.000000000000        4.8706540000000000E-002
   48480.000000000000       -1.0844650000000001E-002
   48540.000000000000        1.3635250000000000E-002
   48600.000000000000        4.9409380000000003E-002
   48660.000000000000        4.1146500000000003E-002
   48720.000000000000        7.3790570000000000E-002
   48780.000000000000        4.9174460000000003E-002
   48840.000000000000        4.9665420000000002E-002
   48900.000000000000        8.9034619999999995E-002
   48960.000000000000        2.4581740000000001E-002
   49020.000000000000        2.4583049999999999E-002
   49080.000000000000        5.1944379999999998E-002
   49140.000000000000        2.7528360000000002E-002
   49200.000000000000        2.4646180000000000E-002
   49260.000000000000        2.4441890000000001E-002
   49320.000000000000        2.5370890000000000E-002
   49380.000000000000        6.2838969999999994E-002
   49440.000000000000       -1.0905590000000000E-002
   49500.000000000000        4.9451839999999997E-002
   49560.000000000000        8.8458190000000006E-002
   49620.000000000000       0.11115980000000000     
   49680.000000000000        6.6651310000000005E-002
   49740.000000000000       0.11444219999999999     
   49800.000000000000        7.7191679999999999E-002
   49860.000000000000        6.3052159999999996E-002
   49920.000000000000        4.9930290000000002E-002
   49980.000000000000       0.14855800000000000     
   50040.000000000000       -1.0945099999999999E-002
   50100.000000000000        2.7324580000000001E-002
   50160.000000000000        3.8065179999999997E-002
   50220.000000000000        9.8264019999999994E-002
   50280.000000000000       -1.0905639999999999E-002
   50340.000000000000        5.1974729999999997E-002
   50400.000000000000        3.9055350000000003E-002
   50460.000000000000        1.3751800000000000E-002
   50520.000000000000        2.4467240000000001E-002
   50580.000000000000       0.10015480000000000     
   50640.000000000000       0.13749739999999999     
   50700.000000000000       0.11122550000000000     
   50760.000000000000        0.0000000000000000     
   50820.000000000000        7.4544630000000001E-002
   50880.000000000000        1.3740880000000000E-002
   50940.000000000000       -1.0791580000000000E-002
   51000.000000000000        6.3419009999999998E-002
   51060.000000000000        6.2927129999999998E-002
   51120.000000000000        0.0000000000000000     
   51180.000000000000        2.4677729999999998E-002
   51240.000000000000        4.9613499999999998E-002
   51300.000000000000        3.8572389999999998E-002
   51360.000000000000        1.3684010000000000E-002
   51420.000000000000        2.4992660000000000E-002
   51480.000000000000       0.16132120000000000     
   51540.000000000000       0.12220380000000000     
   51600.000000000000       0.11287519999999999     
   51660.000000000000        4.9704560000000002E-002
   51720.000000000000        6.7585649999999997E-002
   51780.000000000000        3.8689090000000002E-002
   51840.000000000000       0.12479320000000001     
   51900.000000000000        9.8662089999999994E-002
   51960.000000000000        3.8567320000000002E-002
   52020.000000000000        4.9819740000000001E-002
   52080.000000000000        4.8907480000000003E-002
   52140.000000000000        2.7618950000000000E-002
   52200.000000000000        0.0000000000000000     
   52260.000000000000        2.4818759999999999E-002
   52320.000000000000        2.4470710000000000E-002
   52380.000000000000        2.7425979999999999E-002
   52440.000000000000        3.8226830000000003E-002
   52500.000000000000        1.3809090000000000E-002
   52560.000000000000        0.0000000000000000     
   52620.000000000000        6.3939099999999999E-002
   52680.000000000000        1.3898570000000001E-002
   52740.000000000000        5.2558489999999999E-002
   52800.000000000000        0.0000000000000000     
   52860.000000000000        7.4793579999999998E-002
   52920.000000000000        1.3751080000000001E-002
   52980.000000000000       -1.0885880000000001E-002
   53040.000000000000        2.4879269999999998E-002
   53100.000000000000       0.12465340000000000     
   53160.000000000000       -1.0849900000000001E-002
   53220.000000000000        5.1838070000000000E-002
   53280.000000000000        7.3755360000000006E-002
   53340.000000000000        4.8734779999999998E-002
   53400.000000000000        3.8357679999999998E-002
   53460.000000000000        4.9536339999999998E-002
   53520.000000000000       0.13655840000000000     
   53580.000000000000       -2.1682960000000001E-002
   53640.000000000000        7.4166629999999997E-002
   53700.000000000000        4.8806000000000002E-002
   53760.000000000000        6.3455049999999999E-002
   53820.000000000000        7.3748850000000005E-002
   53880.000000000000        1.3898630000000000E-002
   53940.000000000000        2.4491039999999999E-002
   54000.000000000000        6.3475149999999994E-002
   54060.000000000000        7.3725929999999995E-002
   54120.000000000000        6.2835610000000000E-002
   54180.000000000000        0.0000000000000000     
   54240.000000000000        4.8756569999999999E-002
   54300.000000000000        1.3648189999999999E-002
   54360.000000000000        4.8904169999999997E-002
   54420.000000000000        4.9344230000000003E-002
   54480.000000000000        8.6683070000000001E-002
   54540.000000000000        3.8158959999999999E-002
   54600.000000000000       -1.0912810000000000E-002
   54660.000000000000        0.0000000000000000     
   54720.000000000000        6.2844780000000003E-002
   54780.000000000000        2.9387969999999999E-003
   54840.000000000000        4.1330970000000002E-002
   54900.000000000000       0.12469660000000000     
   54960.000000000000        4.9708259999999997E-002
   55020.000000000000        5.1818780000000002E-002
   55080.000000000000       0.17208530000000000     
   55140.000000000000        7.6756050000000006E-002
   55200.000000000000       0.10010529999999999     
   55260.000000000000        7.4718250000000000E-002
   55320.000000000000        5.3304310000000001E-002
   55380.000000000000        4.9560899999999998E-002
   55440.000000000000        9.7719070000000005E-002
   55500.000000000000       0.19461419999999999     
   55560.000000000000        1.3825600000000000E-002
   55620.000000000000       -9.8322819999999995E-003
   55680.000000000000        2.7856940000000000E-002
   55740.000000000000        2.4893840000000000E-002
   55800.000000000000        0.0000000000000000     
   55860.000000000000        7.9875089999999996E-002
   55920.000000000000        9.2997940000000001E-002
   55980.000000000000        5.7929750000000002E-002
   56040.000000000000        2.2444059999999998E-002
   56100.000000000000        6.9878360000000000E-002
   56160.000000000000        9.5569809999999998E-004
   56220.000000000000        7.3113609999999996E-002
   56280.000000000000        3.8330139999999999E-002
   56340.000000000000       0.12173670000000000     
   56400.000000000000        3.8398679999999998E-002
   56460.000000000000       0.14754280000000000     
   56520.000000000000        1.3699630000000001E-002
   56580.000000000000        4.8821320000000001E-002
   56640.000000000000        5.1817179999999997E-002
   56700.000000000000        2.4830459999999999E-002
   56760.000000000000        3.8034190000000002E-002
   56820.000000000000        0.0000000000000000     
   56880.000000000000        4.9656090000000000E-002
   56940.000000000000       0.12539770000000000     
   57000.000000000000        5.1916930000000000E-002
   57060.000000000000       0.24010419999999999     
   57120.000000000000       0.12176850000000000     
   57180.000000000000       0.12325369999999999     
   57240.000000000000        4.9110649999999999E-002
   57300.000000000000       0.17335460000000000     
   57360.000000000000        7.4720629999999996E-002
   57420.000000000000        4.9380029999999998E-002
   57480.000000000000       0.13816020000000001     
   57540.000000000000       -1.0805360000000000E-002
   57600.000000000000        6.3053730000000002E-002
   57660.000000000000        9.7984000000000002E-002
   57720.000000000000       0.13560759999999999     
   57780.000000000000       0.11256450000000000     
   57840.000000000000        6.2398250000000002E-002
   57900.000000000000        3.8388440000000003E-002
   57960.000000000000        2.4628540000000001E-002
   58020.000000000000        1.3766730000000000E-002
   58080.000000000000       0.12214550000000000     
   58140.000000000000        0.0000000000000000     
   58200.000000000000        7.6797840000000006E-002
   58260.000000000000        4.9647120000000003E-002
   58320.000000000000        3.8676439999999999E-002
   58380.000000000000        8.7358179999999994E-002
   58440.000000000000       0.13534660000000001     
   58500.000000000000        7.3706659999999993E-002
   58560.000000000000       0.19762299999999999     
   58620.000000000000        7.3436100000000004E-002
   58680.000000000000        8.7056110000000006E-002
   58740.000000000000        6.2883240000000007E-002
   58800.000000000000       0.11237179999999999     
   58860.000000000000       0.10133910000000000     
   58920.000000000000       0.12184250000000001     
   58980.000000000000        5.2316340000000003E-002
   59040.000000000000        9.8887100000000006E-002
   59100.000000000000        2.4721739999999999E-002
   59160.000000000000        7.3764369999999996E-002
   59220.000000000000        1.3960719999999999E-002
   59280.000000000000        9.9013500000000004E-002
   59340.000000000000       0.27125709999999997     
   59400.000000000000        3.8307290000000001E-002
   59460.000000000000       0.14885780000000001     
   59520.000000000000        5.2318040000000003E-002
   59580.000000000000        7.3562359999999993E-002
   59640.000000000000        9.0192330000000001E-002
   59700.000000000000        6.3748399999999997E-002
   59760.000000000000        6.3772380000000004E-002
   59820.000000000000       0.17390780000000000     
   59880.000000000000        4.9259360000000002E-002
   59940.000000000000       0.22348450000000000     
   60000.000000000000       0.31625520000000001     
   60060.000000000000        3.8422669999999999E-002
   60120.000000000000        9.8307580000000006E-002
   60180.000000000000       0.13666790000000001     
   60240.000000000000       0.14892859999999999     
   60300.000000000000       0.12182480000000000     
   60360.000000000000       0.20881189999999999     
   60420.000000000000        4.9063990000000002E-002
   60480.000000000000        1.3747660000000000E-002
   60540.000000000000        7.3463429999999996E-002
   60600.000000000000       0.16202839999999999     
   60660.000000000000        6.4084119999999994E-002
   60720.000000000000        7.4429360000000000E-002
   60780.000000000000       0.13582739999999999     
   60840.000000000000        4.9986929999999999E-002
   60900.000000000000        7.3099159999999996E-002
   60960.000000000000       -1.0895200000000001E-002
   61020.000000000000       0.11498100000000000     
   61080.000000000000       0.10119240000000000     
   61140.000000000000        4.1289340000000001E-002
   61200.000000000000        9.8342499999999999E-002
   61260.000000000000        7.3667880000000005E-002
   61320.000000000000        1.6580149999999998E-002
   61380.000000000000        5.2471030000000002E-002
   61440.000000000000        3.8383929999999997E-002
   61500.000000000000        2.4883800000000001E-002
   61560.000000000000        7.4845490000000001E-002
   61620.000000000000        7.5555150000000001E-002
   61680.000000000000        5.5210400000000000E-002
   61740.000000000000        6.2841439999999998E-002
   61800.000000000000       0.14832640000000000     
   61860.000000000000       0.12266090000000000     
   61920.000000000000        8.8827710000000004E-002
   61980.000000000000        7.7763579999999999E-002
   62040.000000000000       0.17133750000000000     
   62100.000000000000       0.18624599999999999     
   62160.000000000000       0.14590349999999999     
   62220.000000000000       0.19973399999999999     
   62280.000000000000       0.19681910000000000     
   62340.000000000000       0.25014300000000000     
   62400.000000000000        6.3224370000000002E-002
   62460.000000000000       0.23352950000000000     
   62520.000000000000       0.29389150000000003     
   62580.000000000000       0.17518020000000001     
   62640.000000000000        3.8521569999999998E-002
   62700.000000000000        8.7710700000000003E-002
   62760.000000000000        7.3660340000000005E-002
   62820.000000000000       -1.0797279999999999E-002
   62880.000000000000       0.12534619999999999     
   62940.000000000000        6.3174579999999994E-002
   63000.000000000000        8.2798230000000000E-002
   63060.000000000000       0.14902570000000001     
   63120.000000000000        8.7685089999999993E-002
   63180.000000000000       0.12597069999999999     
   63240.000000000000       0.15164720000000001     
   63300.000000000000       0.25949159999999999     
   63360.000000000000        3.8193669999999999E-002
   63420.000000000000        9.9569699999999997E-002
   63480.000000000000        9.1535870000000005E-002
   63540.000000000000        3.8291070000000003E-002
   63600.000000000000       0.24667280000000000     
   63660.000000000000       0.14950459999999999     
   63720.000000000000       0.12886429999999999     
   63780.000000000000       0.26369599999999999     
   63840.000000000000       0.20238890000000001     
   63900.000000000000        9.8359290000000002E-002
   63960.000000000000        8.6556830000000001E-002
   64020.000000000000        9.4644560000000003E-002
   64080.000000000000       0.12850660000000000     
   64140.000000000000       0.18728300000000001     
   64200.000000000000        8.0023880000000006E-002
   64260.000000000000       0.21868199999999999     
   64320.000000000000       0.11757640000000000     
   64380.000000000000        6.2886360000000002E-002
   64440.000000000000        4.9420770000000003E-002
   64500.000000000000       0.10412170000000000     
   64560.000000000000       0.17551620000000001     
   64620.000000000000        1.3687760000000000E-002
   64680.000000000000        3.8363220000000003E-002
   64740.000000000000        7.3707830000000002E-002
   64800.000000000000        8.1411720000000007E-002
   64860.000000000000        4.9867429999999997E-002
   64920.000000000000        9.0564980000000003E-002
   64980.000000000000       0.45552029999999999     
   65040.000000000000       0.25986209999999998     
   65100.000000000000       0.21156600000000000     
   65160.000000000000       -7.9723980000000003E-003
   65220.000000000000       0.21080789999999999     
   65280.000000000000        6.4053130000000000E-002
   65340.000000000000        9.8913420000000002E-002
   65400.000000000000        2.4864390000000000E-002
   65460.000000000000       0.12218850000000001     
   65520.000000000000        9.8446980000000003E-002
   65580.000000000000        4.8790189999999997E-002
   65640.000000000000        6.3494839999999997E-002
   65700.000000000000       0.15990299999999999     
   65760.000000000000       0.22379180000000001     
   65820.000000000000       0.17068559999999999     
   65880.000000000000       0.10164110000000000     
   65940.000000000000        9.2632720000000002E-002
   66000.000000000000       0.22111870000000000     
   66060.000000000000       0.20059179999999999     
   66120.000000000000       0.17316899999999999     
   66180.000000000000       0.11214950000000000     
   66240.000000000000       0.26828500000000000     
   66300.000000000000        7.3140419999999998E-002
   66360.000000000000        4.9291610000000000E-002
   66420.000000000000        6.2506969999999995E-002
   66480.000000000000        9.8497509999999996E-002
   66540.000000000000       0.16042139999999999     
   66600.000000000000        9.9015179999999994E-002
   66660.000000000000       0.19739080000000001     
   66720.000000000000       0.34572290000000000     
   66780.000000000000        2.7665860000000000E-002
   66840.000000000000        9.0194339999999998E-002
   66900.000000000000       0.13559889999999999     
   66960.000000000000       0.11262690000000000     
   67020.000000000000       0.12573819999999999     
   67080.000000000000       0.23616190000000001     
   67140.000000000000        7.6705720000000005E-002
   67200.000000000000        7.7195910000000006E-002
   67260.000000000000        2.9577230000000002E-003
   67320.000000000000        4.9045980000000003E-002
   67380.000000000000       0.11167260000000000     
   67440.000000000000        8.7917070000000000E-002
   67500.000000000000       0.16167029999999999     
   67560.000000000000       0.11381560000000000     
   67620.000000000000       0.22439410000000001     
   67680.000000000000        9.8873089999999997E-002
   67740.000000000000        6.3372520000000002E-002
   67800.000000000000       0.12357559999999999     
   67860.000000000000       0.18857099999999999     
   67920.000000000000       0.15035200000000001     
   67980.000000000000       0.23473200000000000     
   68040.000000000000       0.28533639999999999     
   68100.000000000000       0.23834100000000000     
   68160.000000000000       0.13686200000000001     
   68220.000000000000       0.20193559999999999     
   68280.000000000000       0.28528740000000002     
   68340.000000000000       0.19078030000000001     
   68400.000000000000       0.11527990000000000     
   68460.000000000000       0.21266869999999999     
   68520.000000000000        3.8385730000000000E-002
   68580.000000000000       0.26819690000000002     
   68640.000000000000       0.18028340000000001     
   68700.000000000000        9.7138859999999994E-002
   68760.000000000000        4.2077040000000003E-002
   68820.000000000000        9.9041500000000005E-002
   68880.000000000000        7.3161610000000002E-002
   68940.000000000000       0.10490480000000001     
   69000.000000000000       0.16499380000000000     
   69060.000000000000        2.4903200000000000E-002
   69120.000000000000        3.8555569999999997E-002
   69180.000000000000       0.26734880000000000     
   69240.000000000000       0.17543839999999999     
   69300.000000000000       0.29313719999999999     
   69360.000000000000       0.19894049999999999     
   69420.000000000000       0.19781580000000001     
   69480.000000000000        9.7240160000000006E-002
   69540.000000000000        7.7511730000000001E-002
   69600.000000000000       0.12177540000000001     
   69660.000000000000       0.18421290000000001     
   69720.000000000000       0.29210399999999997     
   69780.000000000000       0.17223420000000000     
   69840.000000000000       0.18572150000000001     
   69900.000000000000        9.1237780000000004E-002
   69960.000000000000       0.13706670000000001     
   70020.000000000000       0.19871630000000001     
   70080.000000000000        7.5556189999999995E-002
   70140.000000000000        2.7305860000000001E-002
   70200.000000000000        4.1339330000000001E-002
   70260.000000000000        9.7546090000000002E-002
   70320.000000000000        4.9124109999999999E-002
   70380.000000000000       0.25949050000000001     
   70440.000000000000       0.17352450000000000     
   70500.000000000000       0.18563610000000000     
   70560.000000000000       0.14997489999999999     
   70620.000000000000       0.20075699999999999     
   70680.000000000000       0.10143430000000001     
   70740.000000000000        2.4532900000000000E-002
   70800.000000000000        9.8359180000000004E-002
   70860.000000000000        7.3399969999999995E-002
   70920.000000000000       0.13800680000000001     
   70980.000000000000        7.3802960000000001E-002
   71040.000000000000        6.3195319999999999E-002
   71100.000000000000       0.12456840000000000     
   71160.000000000000        6.3248299999999993E-002
   71220.000000000000        1.3836920000000001E-002
   71280.000000000000        4.9042849999999999E-002
   71340.000000000000        4.8813099999999998E-002
   71400.000000000000        2.9669290000000001E-003
   71460.000000000000        2.7699260000000000E-002
   71520.000000000000       0.11167530000000001     
   71580.000000000000       0.14705040000000000     
   71640.000000000000       0.18599130000000000     
   71700.000000000000       0.24552420000000000     
   71760.000000000000       0.11145910000000001     
   71820.000000000000       0.24608269999999999     
   71880.000000000000       0.21220410000000001     
   71940.000000000000       0.18596679999999999     
   72000.000000000000       0.12265850000000000     
   72060.000000000000       0.10056909999999999     
   72120.000000000000       0.13670830000000000     
   72180.000000000000       0.18951360000000000     
   72240.000000000000       0.13687830000000001     
   72300.000000000000        9.8775189999999999E-002
   72360.000000000000        7.7765989999999993E-002
   72420.000000000000       0.16394120000000001     
   72480.000000000000        9.9121059999999997E-002
   72540.000000000000       0.25978089999999998     
   72600.000000000000       0.14625379999999999     
   72660.000000000000       0.29219689999999998     
   72720.000000000000       0.20090410000000000     
   72780.000000000000        6.3777950000000000E-002
   72840.000000000000       0.17233329999999999     
   72900.000000000000        9.8391290000000006E-002
   72960.000000000000        8.8343469999999993E-002
   73020.000000000000        4.8766660000000003E-002
   73080.000000000000        5.0054139999999997E-002
   73140.000000000000       -2.1688280000000001E-002
   73200.000000000000       0.14663750000000000     
   73260.000000000000       0.19530429999999999     
   73320.000000000000       0.22341749999999999     
   73380.000000000000       0.53638290000000000     
   73440.000000000000       0.35952899999999999     
   73500.000000000000       0.39598349999999999     
   73560.000000000000       0.16510420000000001     
   73620.000000000000       0.21093470000000000     
   73680.000000000000        4.0139059999999997E-002
   73740.000000000000       0.16338349999999999     
   73800.000000000000       0.14969370000000001     
   73860.000000000000       0.12499929999999999     
   73920.000000000000        5.1303160000000000E-002
   73980.000000000000       0.15525870000000000     
   74040.000000000000       0.13432330000000001     
   74100.000000000000       0.12440469999999999     
   74160.000000000000       0.27788489999999999     
   74220.000000000000        8.9015709999999998E-002
   74280.000000000000       0.11130700000000000     
   74340.000000000000       0.16248190000000001     
   74400.000000000000       0.19970769999999999     
   74460.000000000000        9.8664450000000001E-002
   74520.000000000000        4.9280909999999997E-002
   74580.000000000000        6.3720139999999995E-002
   74640.000000000000        1.3837290000000000E-002
   74700.000000000000        4.9084599999999999E-002
   74760.000000000000        7.4054490000000001E-002
   74820.000000000000        7.4197349999999995E-002
   74880.000000000000       0.12215940000000000     
   74940.000000000000       0.14822859999999999     
   75000.000000000000       0.31540710000000000     
   75060.000000000000       0.21074209999999999     
   75120.000000000000       0.36246420000000001     
   75180.000000000000       0.15963320000000000     
   75240.000000000000        9.8050670000000006E-002
   75300.000000000000       0.22203709999999999     
   75360.000000000000        9.7712069999999998E-002
   75420.000000000000        9.7356579999999998E-002
   75480.000000000000        2.4547920000000001E-002
   75540.000000000000       0.18764410000000001     
   75600.000000000000        8.8795360000000004E-002
   75660.000000000000       0.27019910000000003     
   75720.000000000000        3.7978720000000001E-002
   75780.000000000000       0.11191719999999999     
   75840.000000000000        7.3120550000000006E-002
   75900.000000000000       0.24476039999999999     
   75960.000000000000       0.14779690000000001     
   76020.000000000000       0.16200180000000000     
   76080.000000000000        5.2359419999999997E-002
   76140.000000000000        4.9504220000000002E-002
   76200.000000000000        2.4662219999999999E-002
   76260.000000000000        9.8449190000000006E-002
   76320.000000000000        2.7630300000000000E-002
   76380.000000000000        4.8882090000000003E-002
   76440.000000000000        6.3143550000000007E-002
   76500.000000000000       0.12272959999999999     
   76560.000000000000       0.11437350000000000     
   76620.000000000000       0.11226600000000000     
   76680.000000000000        9.8670450000000007E-002
   76740.000000000000        8.8168060000000006E-002
   76800.000000000000        8.8361999999999996E-002
   76860.000000000000       0.14875840000000001     
   76920.000000000000        9.3935939999999996E-002
   76980.000000000000       0.12549199999999999     
   77040.000000000000       0.11779820000000001     
   77100.000000000000        2.4435439999999999E-002
   77160.000000000000        3.8359430000000000E-002
   77220.000000000000       -1.0762559999999999E-002
   77280.000000000000        7.3598109999999994E-002
   77340.000000000000        2.4615250000000002E-002
   77400.000000000000        3.8572960000000003E-002
   77460.000000000000       0.19781260000000001     
   77520.000000000000       0.19958400000000001     
   77580.000000000000        6.3139180000000003E-002
   77640.000000000000       0.17229349999999999     
   77700.000000000000        5.8110839999999997E-002
   77760.000000000000        7.7132740000000005E-002
   77820.000000000000        9.0608900000000006E-002
   77880.000000000000       0.22924439999999999     
   77940.000000000000       0.25752190000000003     
   78000.000000000000       0.11457890000000000     
   78060.000000000000       0.16119639999999999     
   78120.000000000000       0.17326349999999999     
   78180.000000000000       0.24942829999999999     
   78240.000000000000       0.26818080000000000     
   78300.000000000000       0.29480329999999999     
   78360.000000000000       0.15996360000000001     
   78420.000000000000       0.17033350000000000     
   78480.000000000000       0.23765939999999999     
   78540.000000000000       0.12313720000000000     
   78600.000000000000       0.42102240000000002     
   78660.000000000000       0.49101450000000002     
   78720.000000000000       0.24677450000000001     
   78780.000000000000       0.27200449999999998     
   78840.000000000000       0.20847199999999999     
   78900.000000000000        4.9848770000000001E-002
   78960.000000000000       0.11282020000000000     
   79020.000000000000        3.8375880000000001E-002
   79080.000000000000        2.9440590000000002E-003
   79140.000000000000        7.3133710000000005E-002
   79200.000000000000        4.8646109999999999E-002
   79260.000000000000       0.11184350000000000     
   79320.000000000000        3.8825749999999999E-002
   79380.000000000000       0.17168829999999999     
   79440.000000000000       0.16025890000000001     
   79500.000000000000        7.4382219999999999E-002
   79560.000000000000       0.24736110000000000     
   79620.000000000000       0.26299289999999997     
   79680.000000000000       0.26089649999999998     
   79740.000000000000       0.22706200000000001     
   79800.000000000000       0.19596290000000000     
   79860.000000000000       0.30333840000000001     
   79920.000000000000       0.12283010000000000     
   79980.000000000000       0.23464409999999999     
   80040.000000000000        8.6955329999999997E-002
   80100.000000000000       0.17583380000000001     
   80160.000000000000       0.18756800000000001     
   80220.000000000000        9.1694499999999998E-002
   80280.000000000000       0.22891970000000000     
   80340.000000000000       0.15042390000000000     
   80400.000000000000       0.23551690000000000     
   80460.000000000000       0.17171330000000001     
   80520.000000000000       0.23435280000000000     
   80580.000000000000       0.12337400000000000     
   80640.000000000000       0.16328039999999999     
   80700.000000000000       0.21161920000000001     
   80760.000000000000       0.20934069999999999     
   80820.000000000000       0.20148120000000000     
   80880.000000000000        2.7743670000000002E-002
   80940.000000000000        6.2979170000000001E-002
   81000.000000000000       0.15985820000000001     
   81060.000000000000       0.18932669999999999     
   81120.000000000000       0.22300260000000000     
   81180.000000000000       0.13701590000000000     
   81240.000000000000       0.11228009999999999     
   81300.000000000000       0.18811900000000001     
   81360.000000000000       0.12764090000000000     
   81420.000000000000        7.3282100000000003E-002
   81480.000000000000       0.17135549999999999     
   81540.000000000000        9.8350179999999995E-002
   81600.000000000000       0.17418590000000000     
   81660.000000000000       0.17317720000000000     
   81720.000000000000        8.7647649999999994E-002
   81780.000000000000        2.4759580000000000E-002
   81840.000000000000       0.24008669999999999     
   81900.000000000000       0.10175430000000001     
   81960.000000000000        9.9338019999999999E-002
   82020.000000000000       0.12268020000000000     
   82080.000000000000       0.19959679999999999     
   82140.000000000000        1.3962060000000000E-002
   82200.000000000000       0.11155760000000001     
   82260.000000000000        3.8487859999999999E-002
   82320.000000000000        6.5566550000000001E-002
   82380.000000000000       0.14601800000000001     
   82440.000000000000        5.8465259999999998E-002
   82500.000000000000       0.38006600000000001     
   82560.000000000000       0.24224000000000001     
   82620.000000000000       0.21488579999999999     
   82680.000000000000       0.10422869999999999     
   82740.000000000000       0.24104090000000000     
   82800.000000000000       0.25394949999999999     
   82860.000000000000        7.0546579999999998E-002
   82920.000000000000       0.23137340000000001     
   82980.000000000000       0.24837940000000000     
   83040.000000000000       0.13542920000000000     
   83100.000000000000        9.4315140000000006E-002
   83160.000000000000       0.11082660000000000     
   83220.000000000000       0.22683950000000000     
   83280.000000000000       0.22616259999999999     
   83340.000000000000       0.19128660000000000     
   83400.000000000000       0.29799560000000003     
   83460.000000000000       0.40817550000000002     
   83520.000000000000       0.46332560000000000     
   83580.000000000000       0.24656359999999999     
   83640.000000000000        7.2704950000000004E-002
   83700.000000000000       0.24378970000000000     
   83760.000000000000       0.24161810000000000     
   83820.000000000000        7.7192350000000007E-002
   83880.000000000000       0.21748110000000001     
   83940.000000000000       0.15424309999999999     
   84000.000000000000       0.14916479999999999     
   84060.000000000000        2.7484169999999999E-002
   84120.000000000000       0.10275410000000000     
   84180.000000000000       -6.0882390000000002E-002
   84240.000000000000        6.9922059999999994E-002
   84300.000000000000       0.13708339999999999     
   84360.000000000000       0.13026869999999999     
   84420.000000000000       0.21328150000000001     
   84480.000000000000       0.15556139999999999     
   84540.000000000000       0.23250219999999999     
   84600.000000000000       0.39159579999999999     
   84660.000000000000       0.27148119999999998     
   84720.000000000000       0.14918940000000000     
   84780.000000000000       0.12673880000000001     
   84840.000000000000       0.23447460000000001     
   84900.000000000000       0.22277720000000001     
   84960.000000000000       0.22281860000000001     
   85020.000000000000       0.19973099999999999     
   85080.000000000000        4.9107539999999998E-002
   85140.000000000000       0.10015440000000000     
   85200.000000000000       0.21060580000000001     
   85260.000000000000       0.25873130000000000     
   85320.000000000000       0.21125079999999999     
   85380.000000000000       0.24401470000000000     
   85440.000000000000       0.17288319999999999     
   85500.000000000000        9.9305379999999999E-002
   85560.000000000000        7.7122769999999993E-002
   85620.000000000000       0.13677750000000000     
   85680.000000000000       0.17503469999999999     
   85740.000000000000       0.29480380000000000     
   85800.000000000000       0.11248060000000000     
   85860.000000000000        8.7216349999999998E-002
   85920.000000000000       0.14624150000000000     
   85980.000000000000        2.7740200000000000E-002
   86040.000000000000        2.7903170000000001E-002
   86100.000000000000        3.0897060000000000E-002
   86160.000000000000        6.7515480000000003E-002
   86220.000000000000        6.2554659999999998E-002
   86280.000000000000       0.14633510000000000     
   86340.000000000000       0.21844740000000001     
   86400.000000000000       0.22081729999999999     
   86460.000000000000       0.14965439999999999     
   86520.000000000000        4.9637130000000002E-002
   86580.000000000000       0.14819769999999999     
   86640.000000000000        9.9050130000000000E-002
   86700.000000000000        4.8981209999999997E-002
   86760.000000000000       0.11365010000000000     
   86820.000000000000       0.13769509999999999     
   86880.000000000000        3.8285699999999999E-002
   86940.000000000000       0.21114260000000001     
   87000.000000000000       0.12707720000000000     
   87060.000000000000       0.18594970000000000     
   87120.000000000000        9.8848569999999997E-002
   87180.000000000000       0.17147129999999999     
   87240.000000000000       0.12177280000000000     
   87300.000000000000       0.12293830000000000     
   87360.000000000000       0.14955460000000001     
   87420.000000000000       0.12301690000000000     
   87480.000000000000       0.12660279999999999     
   87540.000000000000        9.9289189999999999E-002
   87600.000000000000       0.12490700000000000     
   87660.000000000000        3.8541609999999997E-002
   87720.000000000000        7.4145409999999995E-002
   87780.000000000000        4.9314020000000000E-002
   87840.000000000000        3.9018879999999999E-002
   87900.000000000000       0.18435219999999999     
   87960.000000000000       0.11305690000000000     
   88020.000000000000       0.12467499999999999     
   88080.000000000000       0.25820850000000001     
   88140.000000000000        2.4811290000000000E-002
   88200.000000000000        6.3194239999999999E-002
   88260.000000000000        3.8424310000000003E-002
   88320.000000000000       0.13817479999999999     
   88380.000000000000       0.21048790000000001     
   88440.000000000000       0.19907349999999999     
   88500.000000000000       0.27227129999999999     
   88560.000000000000       0.28452889999999997     
   88620.000000000000       0.23287720000000001     
   88680.000000000000       0.17671940000000000     
   88740.000000000000       0.23599120000000001     
   88800.000000000000       0.25222099999999997     
   88860.000000000000       0.22472860000000000     
   88920.000000000000       0.10169080000000000     
   88980.000000000000        9.0635460000000001E-002
   89040.000000000000       0.15768910000000000     
   89100.000000000000       0.18276480000000001     
   89160.000000000000        8.4456260000000005E-002
   89220.000000000000       0.22829340000000001     
   89280.000000000000       0.17180819999999999     
   89340.000000000000       0.14874390000000001     
   89400.000000000000       0.28616629999999998     
   89460.000000000000       0.10141340000000000     
   89520.000000000000       0.11764590000000000     
   89580.000000000000       0.26889920000000000     
   89640.000000000000        6.9274269999999999E-002
   89700.000000000000       0.15038360000000001     
   89760.000000000000       0.10147530000000000     
   89820.000000000000       0.18180160000000001     
   89880.000000000000       0.17082620000000001     
   89940.000000000000       0.23781500000000000     
   90000.000000000000       0.20145210000000000     
   90060.000000000000       0.19325220000000001     
   90120.000000000000       0.18620880000000001     
   90180.000000000000       0.34402990000000000     
   90240.000000000000       0.25286710000000001     
   90300.000000000000       0.39318480000000000     
   90360.000000000000       0.28592440000000002     
   90420.000000000000       0.23991109999999999     
   90480.000000000000       0.21889439999999999     
   90540.000000000000        7.6758090000000001E-002
   90600.000000000000        5.4706270000000001E-002
   90660.000000000000       0.20110159999999999     
   90720.000000000000       0.19828419999999999     
   90780.000000000000       0.17430830000000000     
   90840.000000000000       0.14784790000000000     
   90900.000000000000       0.21089659999999999     
   90960.000000000000       0.16536819999999999     
   91020.000000000000       0.27182370000000000     
   91080.000000000000       0.31544650000000002     
   91140.000000000000       0.17792079999999999     
   91200.000000000000       0.11617959999999999     
   91260.000000000000       0.20047860000000001     
   91320.000000000000       0.21272910000000000     
   91380.000000000000       0.24362090000000000     
   91440.000000000000        9.9328139999999995E-002
   91500.000000000000       0.16536139999999999     
   91560.000000000000       -8.1049880000000005E-002
   91620.000000000000        4.1804559999999998E-002
   91680.000000000000       0.22914380000000001     
   91740.000000000000       0.14658850000000001     
   91800.000000000000       0.19657490000000000     
   91860.000000000000       0.46001609999999998     
   91920.000000000000       0.24392939999999999     
   91980.000000000000       0.20283650000000000     
   92040.000000000000        1.5590190000000000E-002
   92100.000000000000       0.36695889999999998     
   92160.000000000000        6.2441620000000003E-002
   92220.000000000000       0.22566190000000000     
   92280.000000000000       0.21169220000000000     
   92340.000000000000       0.22478960000000001     
   92400.000000000000       0.27716210000000002     
   92460.000000000000       0.47047990000000001     
   92520.000000000000       0.14639220000000000     
   92580.000000000000       0.17447620000000000     
   92640.000000000000       0.22744010000000001     
   92700.000000000000        8.7395740000000000E-002
   92760.000000000000       0.20781710000000000     
   92820.000000000000       0.26347429999999999     
   92880.000000000000        4.9509879999999999E-002
   92940.000000000000       0.17764240000000001     
   93000.000000000000       -3.2591040000000002E-002
   93060.000000000000        7.3594820000000005E-002
   93120.000000000000        2.4978270000000000E-002
   93180.000000000000        6.3062119999999999E-002
   93240.000000000000        2.5042200000000001E-002
   93300.000000000000        2.4585079999999999E-002
   93360.000000000000        9.7427130000000001E-002
   93420.000000000000       0.10611420000000001     
   93480.000000000000        8.9239660000000002E-003
   93540.000000000000       -1.3034710000000000E-002
   93600.000000000000        6.2417269999999997E-002
   93660.000000000000       0.10305630000000000     
   93720.000000000000        3.9099809999999999E-003
   93780.000000000000       0.25311509999999998     
   93840.000000000000        5.8502989999999998E-002
   93900.000000000000       0.28058709999999998     
   93960.000000000000       0.18385810000000000     
   94020.000000000000        8.3869700000000005E-003
